world: f25f6ded-2329-4b04-8171-0f747c9a833c
world-name: world
x: -227.84062342691365
y: 205.0
z: -326.4270875400689
yaw: 160.5018310546875
pitch: 49.19999694824219
name: spawn
lastowner: 49a8f3a9-37ad-3f72-9c9f-458ae7bcdb81
